
459	
531	524	
547	550	613	
423	415	502	524	
526	521	551	614	486	
582	579	651	652	540	624	
541	545	627	627	517	599	649	
539	538	606	516	508	601	644	611	
570	576	641	649	532	644	673	660	646	
437	420	519	538	325	494	527	536	512	537	
505	526	602	612	487	596	631	623	597	636	497	
539	555	619	609	515	605	638	626	613	643	523	606	
523	527	545	609	480	467	631	601	600	642	494	597	598	
425	396	499	521	363	478	542	523	500	543	361	489	508	480	
513	514	607	611	487	596	643	603	597	616	498	566	609	600	488	
538	543	618	621	518	607	655	615	624	643	522	605	617	602	517	602	
447	450	547	543	429	527	578	552	535	571	433	512	533	524	412	514	550	
560	559	607	633	524	534	643	630	624	643	519	630	620	554	522	629	630	560	
511	505	602	592	474	577	626	586	592	596	490	582	598	579	478	578	594	498	594	
619	609	691	695	583	699	726	704	679	714	594	683	684	698	579	682	705	620	719	658	
573	564	604	656	528	552	691	647	638	664	534	632	650	566	534	633	650	575	596	619	720	
561	570	636	646	518	608	655	649	637	664	524	623	659	610	529	629	654	572	665	618	718	655	
496	487	529	582	474	482	605	578	577	614	474	552	585	506	458	558	579	491	547	549	665	539	594	
574	576	674	645	539	649	663	646	649	660	541	638	646	656	540	628	662	563	666	616	717	707	675	613	
444	451	534	552	428	514	556	542	540	566	428	527	539	516	422	513	548	447	546	490	629	577	562	483	575	
454	446	538	550	358	519	563	550	535	564	337	514	545	520	401	515	534	458	553	505	604	560	548	506	548	462	
566	563	651	640	537	625	677	650	634	667	545	642	629	638	538	628	646	568	646	613	694	668	673	602	674	553	556	
430	420	524	538	341	503	552	526	525	545	345	507	524	497	390	496	527	435	529	485	598	556	537	490	543	430	372	545	
499	496	533	579	461	461	604	577	572	613	468	576	581	469	457	571	581	508	535	552	664	545	586	462	612	491	494	603	478	
522	514	601	601	485	565	615	612	590	629	499	596	597	560	480	585	605	526	594	573	686	625	613	546	634	514	515	619	500	544	
540	541	625	625	507	599	641	631	620	641	510	590	624	595	509	604	630	539	631	597	690	653	623	576	649	540	522	648	518	574	598	
466	446	549	537	422	527	571	552	521	574	438	525	546	535	405	514	554	465	558	504	630	577	569	505	579	464	454	559	435	507	532	538	
549	542	615	621	502	603	624	624	619	654	519	609	614	596	511	607	623	537	616	586	686	637	634	572	662	549	541	647	524	581	598	614	542	
603	615	670	686	567	660	614	674	672	692	577	664	675	654	571	677	684	601	681	650	754	715	696	635	705	599	598	710	587	634	654	665	607	673	
496	488	530	583	454	438	602	574	576	611	469	570	579	465	453	578	578	499	522	559	678	538	588	464	623	490	493	605	482	441	539	575	497	573	634	
617	609	692	680	580	673	707	694	670	705	574	669	685	681	580	671	686	602	686	649	752	688	701	651	717	605	601	721	595	655	667	680	611	692	748	648	
435	432	525	538	348	502	549	535	514	548	343	507	544	515	388	499	532	437	543	493	598	553	523	490	552	436	373	552	361	481	500	507	434	521	590	487	594	
605	614	660	679	556	653	693	665	676	705	573	669	663	649	581	670	678	603	671	651	748	707	705	636	686	586	588	703	574	632	635	676	599	658	718	619	739	583	
539	529	642	620	519	619	657	643	612	638	525	621	619	620	515	602	629	540	647	490	702	661	664	593	652	539	545	639	519	594	613	636	554	633	696	592	683	535	685	
477	486	523	565	435	438	574	560	559	590	436	546	558	440	439	560	568	485	511	534	660	524	567	455	604	466	469	584	454	421	507	548	484	553	621	424	627	458	601	588	
579	585	656	665	545	647	687	661	657	671	558	630	652	651	556	632	671	574	654	616	723	682	682	614	680	577	577	672	544	620	650	657	589	659	710	618	724	565	708	646	610	
480	484	516	575	456	470	593	567	564	611	463	561	571	477	455	559	561	494	547	550	652	548	582	467	617	489	485	609	474	459	542	570	502	563	621	454	643	477	621	594	443	618	
547	551	630	619	515	633	637	619	618	644	526	617	620	626	524	600	618	554	643	587	704	659	652	605	649	542	542	648	535	607	602	624	553	623	681	603	683	537	680	632	582	652	588	
517	530	623	610	501	588	636	621	611	637	490	600	608	595	496	594	616	524	620	570	667	638	627	567	631	526	520	616	502	569	591	609	541	606	679	567	669	514	669	602	549	638	564	623	
538	543	622	617	515	608	661	618	608	655	525	611	626	601	516	611	628	549	635	578	684	653	655	580	651	541	542	651	527	573	611	616	540	625	687	585	688	528	675	625	569	658	566	621	600	
539	533	438	626	511	550	645	629	613	649	511	608	623	542	508	611	619	551	608	601	691	605	635	535	670	536	541	643	534	529	604	624	549	621	676	536	689	524	672	648	522	672	521	635	614	630	
537	543	603	625	485	604	652	617	608	636	503	605	610	600	497	584	612	536	629	593	700	647	637	576	664	542	533	648	511	584	606	614	537	614	682	577	673	523	680	624	562	642	566	612	613	618	616	
516	518	542	602	471	455	619	596	596	628	478	587	595	443	476	595	601	528	551	573	688	556	606	488	649	511	505	621	491	458	549	594	527	594	656	450	664	495	636	619	408	648	468	625	588	601	547	600	
492	482	530	577	463	479	598	570	558	608	461	565	565	498	453	565	574	491	543	552	656	556	603	470	616	490	493	592	474	464	540	582	497	566	643	456	647	479	626	584	463	609	471	600	562	564	542	585	487	
522	524	609	608	491	582	635	622	604	628	499	597	601	590	499	588	565	519	610	581	675	620	630	559	640	527	520	630	518	546	602	602	533	616	678	558	662	519	683	606	536	629	559	622	596	616	613	608	579	551	
565	570	636	652	539	624	671	656	631	669	545	638	637	624	544	630	645	582	642	614	711	656	680	579	673	576	558	649	551	594	620	654	570	641	709	595	696	558	700	655	580	659	585	652	643	642	635	646	613	581	638	
611	606	658	675	567	627	715	684	668	695	586	686	674	646	579	672	669	631	609	659	756	639	703	624	730	610	609	700	598	610	648	695	616	682	747	610	743	595	741	688	593	719	622	689	686	685	668	672	631	617	660	680	
580	586	659	672	565	649	694	664	650	688	567	642	659	657	564	643	672	571	680	629	721	670	666	617	688	582	590	686	571	617	648	661	598	667	728	629	709	573	719	666	611	676	626	676	639	656	665	643	643	619	641	693	723	
498	499	526	575	452	443	604	584	566	610	465	560	585	469	445	564	579	498	534	560	669	547	574	477	621	492	496	609	481	437	552	577	491	576	626	438	652	472	628	595	421	626	453	598	570	583	527	571	448	482	556	598	605	630	
600	597	691	678	560	684	707	669	681	691	575	663	675	679	581	650	676	608	698	642	738	731	697	660	693	596	581	688	567	650	662	668	606	678	726	656	752	586	726	678	634	701	643	672	673	669	696	668	674	641	653	693	738	718	652	
564	579	647	664	535	636	667	648	654	682	544	636	641	633	553	653	661	575	654	625	729	681	671	623	673	575	572	681	539	614	626	657	575	639	694	609	709	566	602	671	593	686	601	660	643	654	652	649	622	611	651	675	715	685	611	709	
556	559	648	643	532	631	656	646	632	654	536	617	646	636	528	609	648	564	644	596	714	660	662	601	661	552	553	659	535	606	628	619	557	629	715	610	705	541	701	638	577	679	600	636	620	626	653	641	618	597	637	674	694	680	601	688	676	
515	506	606	597	492	574	628	595	586	634	492	585	600	574	482	586	602	503	608	567	668	619	621	551	635	519	517	619	502	546	574	591	521	593	655	551	654	508	659	599	533	631	541	609	590	589	607	590	566	539	579	620	663	590	548	649	637	612	
461	438	519	551	362	512	559	546	530	556	371	516	536	511	374	501	531	442	552	503	607	555	554	492	559	446	388	561	380	492	520	526	441	540	600	480	614	393	582	539	469	575	483	548	525	549	522	524	505	480	524	558	609	587	476	597	559	556	521	
524	523	600	603	472	589	614	611	601	618	488	576	594	598	474	571	601	520	626	564	672	635	628	565	631	510	497	625	498	569	576	590	512	606	667	564	667	486	656	611	551	636	557	600	588	608	604	601	587	562	585	618	669	659	571	657	645	626	590	493	
428	408	511	533	320	498	526	528	515	537	319	499	521	496	360	481	520	421	527	481	580	538	524	477	534	425	354	540	354	471	491	500	419	518	572	465	578	323	578	522	453	549	467	531	496	521	514	508	491	467	492	547	583	561	471	567	541	535	496	358	476	
442	453	543	546	413	509	571	550	544	563	420	519	527	507	437	518	522	447	526	515	635	550	560	479	580	447	441	554	429	484	518	534	464	528	607	469	609	438	594	555	454	569	475	536	518	556	540	528	498	488	521	558	591	593	484	596	580	557	519	439	523	419	
525	530	590	614	492	573	633	614	596	636	502	595	612	578	499	593	603	529	606	573	692	629	619	553	651	523	528	636	515	550	587	612	525	601	664	541	675	508	665	629	528	655	545	616	599	609	596	616	561	548	590	610	670	650	546	659	629	639	588	511	589	507	514	
414	413	505	519	305	481	526	507	497	525	314	481	498	483	351	483	510	418	516	470	580	519	512	462	528	417	342	529	342	459	474	495	420	505	570	459	568	325	551	509	429	530	455	519	485	502	503	488	467	455	491	528	571	549	455	558	524	521	487	356	464	326	408	495	
425	410	500	529	315	482	534	528	505	520	308	489	523	494	355	483	517	419	529	469	581	532	511	466	531	425	345	532	347	464	474	493	428	504	566	463	580	297	558	521	441	552	450	523	497	510	512	511	473	457	496	540	583	563	455	569	546	533	487	364	455	306	416	486	298	
542	533	619	612	506	601	622	632	621	643	524	613	617	611	511	607	627	540	598	578	683	652	650	567	643	540	551	631	528	571	594	619	534	612	672	563	692	532	674	621	557	649	581	621	603	620	626	623	594	569	613	634	659	670	565	671	661	638	592	535	590	513	537	597	512	521	
568	591	648	662	530	626	669	657	648	670	530	637	661	627	540	622	658	578	656	625	729	677	559	593	676	568	551	669	549	598	627	637	576	640	707	601	719	547	701	682	590	687	598	670	637	663	655	661	624	599	642	679	724	695	606	704	670	664	638	550	630	541	570	633	513	523	666	
531	533	612	617	503	602	653	621	608	643	511	602	614	596	503	589	601	535	631	587	685	636	631	577	642	540	528	634	502	565	589	607	542	617	685	575	680	516	676	626	556	649	566	613	607	610	626	614	590	569	600	639	663	647	565	655	654	633	582	533	599	509	537	604	496	510	599	644	
526	509	602	619	490	558	631	591	602	633	501	592	600	565	482	576	612	529	578	582	672	605	633	535	637	515	516	626	496	536	579	597	532	606	662	529	675	508	650	604	523	644	536	617	590	592	595	596	559	530	599	617	646	650	548	659	630	626	578	509	591	496	526	590	480	490	599	628	595	
405	396	489	514	302	473	511	508	493	522	290	474	507	471	338	469	506	388	506	471	571	523	504	457	516	399	345	524	317	452	470	486	421	495	553	447	562	312	559	494	426	529	442	503	479	500	495	485	468	440	473	519	565	545	436	556	518	524	482	356	465	301	405	477	306	291	495	523	481	470	
636	628	722	707	608	723	751	716	704	730	613	680	712	726	613	685	723	650	741	677	645	746	732	679	733	634	623	731	630	692	692	709	642	718	770	696	774	608	771	729	675	751	685	714	701	717	721	708	711	685	701	731	758	753	693	754	749	732	694	634	672	611	648	702	595	597	702	746	693	693	607	
505	511	515	591	465	521	625	597	568	632	470	571	590	519	466	572	587	503	582	571	679	569	595	500	649	504	502	626	494	495	566	599	514	576	659	497	665	485	653	612	479	631	478	603	577	603	525	571	509	498	573	611	638	653	487	673	623	618	577	489	567	478	484	556	462	464	600	612	586	555	457	703	
443	446	535	535	401	512	548	535	525	533	411	509	527	508	399	504	538	425	535	484	609	567	549	480	556	433	430	542	410	487	499	523	447	524	591	481	608	415	592	533	459	558	479	524	514	527	540	528	501	482	522	557	604	580	475	580	570	544	504	430	490	404	439	513	395	403	516	554	519	510	379	623	497	
495	500	530	585	464	489	612	580	573	608	479	567	570	503	460	575	572	497	553	559	662	574	606	497	633	492	494	614	482	484	562	583	499	578	636	472	657	486	632	589	466	623	477	592	581	598	533	574	490	485	557	602	618	643	463	658	613	614	559	482	557	477	493	552	468	465	569	615	580	543	460	690	496	488	
503	504	587	589	467	569	613	596	588	607	484	577	586	580	468	568	594	507	593	553	662	610	607	542	617	494	502	599	493	545	563	592	503	590	652	546	663	494	653	590	528	614	535	580	571	592	584	585	563	537	567	618	629	635	542	646	635	599	573	498	552	472	500	582	469	474	581	625	581	577	444	686	557	488	549	
542	547	641	639	512	617	658	629	623	644	517	602	626	624	527	611	628	543	650	588	699	669	663	588	636	543	533	643	523	590	609	601	555	635	692	593	693	541	681	637	577	650	588	634	609	617	642	624	614	588	619	654	705	672	598	679	656	625	597	541	595	521	542	622	501	521	630	671	625	604	509	718	612	540	603	602	
553	549	646	632	523	620	671	627	631	651	531	615	634	625	522	614	639	552	642	601	704	676	654	603	656	556	548	656	524	593	622	620	571	631	687	600	705	533	688	635	586	669	589	627	616	636	647	632	621	593	615	659	687	675	594	554	668	653	600	551	611	520	546	621	511	523	629	664	622	616	505	726	622	539	608	598	631	
437	439	526	534	376	503	559	542	520	548	378	509	540	508	386	511	545	445	541	494	605	551	542	483	563	438	406	560	391	480	512	507	429	529	588	484	590	361	574	542	457	573	468	534	529	516	533	516	495	481	522	555	600	575	463	579	553	540	492	407	493	372	446	520	367	348	542	560	516	507	353	619	491	424	500	484	533	528	
546	559	649	637	536	636	652	638	627	667	532	532	634	636	521	603	650	547	662	604	693	669	649	591	656	552	539	661	541	610	622	641	565	648	699	616	707	539	700	641	595	661	603	633	626	648	651	636	631	594	629	651	714	670	615	695	681	664	610	546	618	526	564	636	522	524	637	668	636	617	504	723	624	546	607	615	639	640	555	
447	452	545	548	409	520	569	544	542	565	415	515	547	525	423	518	549	441	559	498	620	566	566	492	572	435	433	553	413	498	529	530	454	538	606	498	614	422	596	536	482	563	488	551	527	540	545	547	518	495	528	576	616	583	493	593	574	552	508	431	505	416	452	527	401	406	550	572	535	515	397	644	506	426	507	500	542	554	430	552	
481	484	529	564	452	446	575	556	554	594	452	562	556	464	445	558	567	490	512	538	655	533	576	463	598	479	483	583	467	432	521	560	483	560	622	421	632	470	601	584	402	611	444	588	554	564	528	562	445	454	542	583	601	612	440	636	584	588	534	470	559	461	466	528	444	450	558	582	558	512	439	681	484	467	461	536	574	587	475	598	490	
610	612	670	677	569	660	705	700	668	712	581	669	684	660	584	672	685	599	684	658	756	714	703	644	697	607	598	695	586	618	655	668	618	682	739	636	757	586	736	690	625	715	628	698	662	673	685	681	655	630	673	703	750	732	625	732	703	694	657	589	673	577	607	651	564	569	671	707	671	669	558	768	652	593	644	664	676	689	597	702	604	628	
587	596	662	675	548	659	701	678	656	699	568	641	668	651	553	649	663	594	681	645	739	685	681	629	719	587	587	700	575	632	637	671	593	671	727	630	601	573	721	677	612	706	617	671	667	667	669	671	643	624	657	683	715	698	626	723	682	685	640	575	647	564	598	650	553	559	685	693	659	661	543	760	638	581	636	639	680	689	579	683	590	612	734	
629	605	692	709	568	679	715	693	700	710	585	691	703	687	584	677	689	632	702	659	763	708	727	651	725	628	615	725	610	641	691	688	617	702	743	657	747	599	754	720	637	755	662	688	687	710	685	689	673	658	689	714	737	743	651	749	725	715	685	605	684	585	613	684	578	579	686	730	696	682	570	778	676	622	648	662	701	708	624	700	631	641	764	740	
582	577	671	660	559	640	672	662	661	667	564	650	653	653	555	646	658	588	654	621	721	686	690	617	677	583	582	668	579	624	644	659	582	656	717	605	716	575	710	666	608	700	624	672	641	664	659	660	641	607	644	666	712	700	626	708	696	681	645	588	642	563	583	653	551	560	630	693	654	628	546	747	653	572	626	623	663	671	590	661	592	595	721	703	721	
610	623	683	691	578	659	699	691	678	698	577	665	673	668	585	668	694	590	675	653	732	685	707	623	709	615	592	698	591	648	665	684	627	680	746	631	742	594	746	688	622	717	636	685	667	686	681	687	656	611	671	698	737	720	648	742	706	690	659	605	668	573	608	667	557	568	691	706	680	652	550	759	635	597	659	646	676	707	589	680	603	622	750	725	757	719	
610	614	686	685	588	679	704	683	682	622	589	674	672	674	580	678	676	616	690	649	754	710	706	650	713	613	607	696	594	654	666	701	613	692	738	649	748	600	728	696	632	720	645	680	686	693	684	671	673	641	688	711	729	721	654	732	716	701	671	615	673	584	599	680	569	585	685	713	683	670	577	769	663	598	652	655	679	693	607	703	616	627	755	730	746	713	748	
552	540	619	634	513	628	631	628	619	654	526	622	620	625	517	612	624	547	631	595	694	667	660	596	651	551	542	633	523	592	608	628	546	631	691	594	699	534	668	639	574	653	596	632	616	621	626	626	610	582	626	646	679	667	597	676	663	638	608	540	593	520	550	617	495	521	539	657	618	607	502	708	611	532	595	599	631	637	539	636	550	582	688	678	696	662	685	687	
499	488	528	584	449	495	605	574	578	608	463	560	576	496	449	558	581	494	548	545	666	558	596	492	623	487	489	598	478	475	558	570	494	568	627	483	639	485	633	588	457	615	477	583	570	581	537	576	496	491	547	592	608	622	487	637	612	610	547	479	550	450	484	554	457	465	576	606	568	543	450	684	506	475	490	534	583	586	487	597	489	476	639	620	639	619	624	649	588	
592	595	672	670	570	673	695	673	676	687	582	652	662	674	560	643	681	587	682	625	740	709	697	636	686	598	592	693	568	643	662	670	574	676	720	641	745	585	727	676	635	600	641	673	664	680	684	669	672	635	670	696	749	691	645	721	708	674	657	582	653	565	588	672	557	570	662	693	657	657	556	754	665	584	641	642	672	673	588	680	589	631	728	718	747	700	727	729	667	627	
540	538	611	640	511	602	656	636	621	657	524	611	626	607	514	603	617	544	635	589	690	649	642	576	659	538	542	640	520	579	608	625	550	632	691	586	681	527	683	636	570	659	562	634	619	629	610	631	601	579	603	662	680	664	576	687	658	642	596	532	607	502	540	605	518	516	628	663	629	615	503	725	598	543	590	587	629	632	534	647	547	566	697	646	696	677	698	693	634	581	666	
573	577	648	667	557	657	697	667	665	675	560	656	668	643	554	641	644	581	681	632	741	680	681	619	702	577	580	683	579	623	637	670	595	667	722	628	720	573	720	664	612	704	620	649	652	669	663	656	645	623	651	681	715	699	629	717	693	678	645	578	642	556	592	638	550	558	668	691	652	658	546	757	629	577	630	623	674	687	582	680	589	605	725	689	727	703	738	714	664	620	721	666	
529	530	617	607	501	594	642	615	598	631	503	589	605	598	499	502	611	525	614	579	682	631	635	551	637	534	529	623	510	569	592	617	532	628	677	566	683	517	676	619	557	645	558	621	595	611	619	612	595	558	601	633	660	655	556	672	645	615	584	521	589	500	517	604	484	491	592	645	605	586	478	694	582	512	575	562	598	611	514	615	518	558	676	662	675	647	670	688	620	567	654	599	653	
495	488	537	577	467	484	599	571	565	609	473	561	573	496	458	555	580	496	535	545	644	566	601	486	621	478	498	600	485	471	542	574	500	565	630	470	643	494	619	588	459	604	487	590	568	580	543	578	495	462	558	594	607	608	488	637	605	593	544	489	566	479	490	551	463	475	569	606	558	518	449	684	523	477	496	543	582	593	485	596	494	459	633	614	648	603	628	651	582	483	634	576	620	569	
548	543	627	631	519	615	657	633	632	643	523	611	618	618	514	614	630	551	633	603	693	648	655	584	646	542	540	651	544	592	597	633	553	633	689	577	696	537	679	624	572	658	576	613	618	631	626	630	611	584	617	640	683	671	589	678	669	646	616	537	597	527	541	617	508	522	617	661	622	605	512	701	606	524	587	502	645	640	534	648	558	572	699	675	709	656	689	701	635	585	678	642	671	623	577	
548	561	621	637	518	608	662	653	618	657	517	609	640	608	510	615	627	539	641	602	704	654	652	584	675	555	538	660	538	585	617	632	565	634	692	584	698	524	697	638	568	669	585	643	608	642	618	631	601	590	614	655	695	682	582	676	659	660	605	539	600	512	546	506	506	517	631	659	632	627	502	724	587	539	589	604	650	639	543	644	548	574	686	670	712	674	696	706	638	584	692	635	659	623	597	635	
493	482	523	585	454	450	606	570	571	610	460	577	579	451	450	569	577	508	545	549	665	537	578	473	620	492	484	607	473	432	540	574	497	576	632	429	649	473	625	594	413	624	438	598	572	570	526	574	434	470	558	590	616	622	440	652	600	605	543	479	571	461	484	543	453	452	580	607	571	521	446	694	488	483	477	546	596	591	473	612	498	429	629	622	657	631	647	649	598	485	651	573	623	566	480	591	590	
475	477	516	555	452	510	595	567	549	587	459	547	561	502	444	540	563	473	555	537	651	560	577	488	614	473	482	604	468	486	543	569	487	566	623	486	632	468	630	554	472	612	470	567	557	568	528	554	506	492	545	591	615	608	481	630	600	581	527	472	544	458	469	546	454	453	568	599	552	538	431	662	488	461	492	526	579	576	469	592	487	477	630	615	645	612	618	629	579	485	628	563	597	554	496	567	572	477	
639	631	680	701	594	656	722	703	695	729	603	690	697	667	601	684	705	638	676	690	766	697	720	644	743	631	615	709	612	644	679	706	621	695	746	636	763	618	736	716	629	732	638	708	703	705	678	705	662	641	700	711	733	736	641	753	727	728	676	618	688	603	633	681	591	597	690	730	695	622	584	789	675	609	651	682	712	717	613	731	635	631	753	750	774	736	769	762	697	651	740	695	746	688	632	701	728	649	650	
The minist scroe is290	(70,10)
程序执行时间：966494ms
